
Sudoku_solution_1

        0 1 2   3 4 5   6 7 8
       +-------+-------+-------+
    0 | 5 3 4 | 6 7 8 | 9 1 2 | 0 
    1 | 6 7 2 | 1 9 5 | 3 4 8 | 1 
    2 | 1 9 8 | 3 4 2 | 5 6 7 | 2 
      +-------+-------+-------+   
    3 | 8 5 9 | 7 6 1 | 4 2 3 | 3 
    4 | 4 2 6 | 8 5 3 | 7 9 1 | 4 
    5 | 7 1 3 | 9 2 4 | 8 5 6 | 5 
      +-------+-------+-------+   
    6 | 9 6 1 | 5 3 7 | 2 8 4 | 6 
    7 | 2 8 7 | 4 1 9 | 6 3 5 | 7 
    8 | 3 4 5 | 2 8 6 | 1 7 9 | 8 
      +-------+-------+-------+
        0 1 2   3 4 5   6 7 8
    
Sudoku_variant
        0 1 2   3 4 5   6 7 8
      +-------+-------+-------+
    0 | 1 2 3 | 7 8 9 | 4 5 6 | 0 
    1 | 4 5 6 | 1 2 3 | 7 8 9 | 1 
    2 | 7 8 9 | 4 5 6 | 1 2 3 | 2 
      +-------+-------+-------+   
    3 | 2 3 1 | 8 9 7 | 5 6 4 | 3 
    4 | 5 6 4 | 2 3 1 | 8 9 7 | 4 
    5 | 8 9 7 | 5 6 4 | 2 3 1 | 5 
      +-------+-------+-------+   
    6 | 3 1 2 | 9 7 8 | 6 4 5 | 6 
    7 | 6 4 5 | 3 1 2 | 3 1 2 | 7 
    8 | 9 7 8 | 6 4 5 | 6 4 5 | 8 
       +-------+-------+-------+
        0 1 2   3 4 5   6 7 8
